Cometarios:  Muestra208 - laser 785 - 10 promedios
Fret	Volt	Thet	DThe	Rval	DRva	FreR 
15.000000	0.375000	-53.295000E+0	150.277521E-6	1.685000E-3	7.628982E+0	15.05
20.000000	0.500000	-85.930000E+0	79.582243E-6	1.630000E-3	4.751620E+0	20.2
25.000000	0.625000	-104.120000E+0	117.497045E-6	1.485000E-3	5.454315E+0	25.4
30.000000	0.750000	-123.220000E+0	104.051269E-6	1.324000E-3	3.885314E+0	30.6
35.000000	0.875000	-135.295000E+0	108.653373E-6	1.145000E-3	4.569248E+0	35.6
40.000000	1.000000	-147.835000E+0	67.626425E-6	1.012000E-3	3.868250E+0	40.7
45.000000	1.125000	-155.585000E+0	85.270810E-6	906.000000E-6	4.084799E+0	45.8
50.000000	1.250000	-161.365000E+0	70.118947E-6	805.000000E-6	6.264763E+0	50.7
55.000000	1.375000	-96.110000E+0	190.382656E-6	767.000000E-6	143.711452E+0	56.0
60.000000	1.500000	4.380000E+0	93.220169E-6	667.000000E-6	185.182740E+0	60.8
65.000000	1.625000	-31.560000E+0	68.548442E-6	579.000000E-6	182.156157E+0	66.0
70.000000	1.750000	-31.765000E+0	81.792420E-6	517.000000E-6	160.136043E+0	71.0
75.000000	1.875000	71.400000E+0	62.583278E-6	465.000000E-6	170.879213E+0	75.8
80.000000	2.000000	124.755000E+0	76.854842E-6	462.000000E-6	120.885043E+0	80.7
85.000000	2.125000	107.320000E+0	29.888682E-6	376.000000E-6	92.375668E+0	85.8
90.000000	2.250000	35.640000E+0	32.727834E-6	384.000000E-6	75.140508E+0	91.1
95.000000	2.375000	0.000000E+0	13.703203E-6	331.000000E-6	0.000000E+0	95.8
100.000000	2.500000	0.000000E+0	21.499354E-6	318.000000E-6	0.000000E+0	100.7
105.000000	2.625000	0.000000E+0	19.002924E-6	325.000000E-6	0.000000E+0	105.8
110.000000	2.750000	0.000000E+0	32.058973E-6	315.000000E-6	0.000000E+0	111.1
115.000000	2.875000	0.000000E+0	38.020462E-6	297.000000E-6	0.000000E+0	116.1
120.000000	3.000000	0.000000E+0	33.333333E-6	300.000000E-6	0.000000E+0	121.0
125.000000	3.125000	0.000000E+0	39.440532E-6	290.000000E-6	0.000000E+0	126.5
130.000000	3.250000	0.000000E+0	27.568098E-6	286.000000E-6	0.000000E+0	131.8
135.000000	3.375000	0.000000E+0	41.163630E-6	255.000000E-6	0.000000E+0	137.3
140.000000	3.500000	0.000000E+0	53.009433E-6	229.000000E-6	0.000000E+0	142.4
145.000000	3.625000	0.000000E+0	44.833024E-6	219.000000E-6	0.000000E+0	147.7
150.000000	3.750000	0.000000E+0	39.665266E-6	218.000000E-6	0.000000E+0	152.8
155.000000	3.875000	0.000000E+0	54.324130E-6	228.000000E-6	0.000000E+0	157.8
160.000000	4.000000	0.000000E+0	30.477679E-6	232.000000E-6	0.000000E+0	162.8
165.000000	4.125000	0.000000E+0	37.431419E-6	223.000000E-6	0.000000E+0	168.0
170.000000	4.250000	0.000000E+0	50.376361E-6	186.000000E-6	0.000000E+0	173.1
175.000000	4.375000	0.000000E+0	79.309520E-6	173.000000E-6	0.000000E+0	178.6
180.000000	4.500000	0.000000E+0	63.078434E-6	227.000000E-6	0.000000E+0	183.8
185.000000	4.625000	0.000000E+0	37.058512E-6	198.000000E-6	0.000000E+0	188.8
190.000000	4.750000	0.000000E+0	24.060110E-6	217.000000E-6	0.000000E+0	193.5
195.000000	4.875000	0.000000E+0	76.912649E-6	164.000000E-6	0.000000E+0	199.0
200.000000	5.000000	0.000000E+0	76.019003E-6	183.000000E-6	0.000000E+0	204
